4
152
67
52
88
84
63
140
187
62
121
51
97
54
197
79
46
83
129
182
172
186
94
24
149
55
144
198
71
26
59
134
190
191
44
132
110
143
167
3
34
148
195
108
77
168
74
20
174
176
7
41
135
115
180
14
85
179
57
146
102
93
156
13
181
61
157
109
161
8
40
39
17
18
23
69
75
171
78
131
158
100
165
199
30
173
64
86
33
15
137
16
35
118
103
72
133
82
153
183
28
106
194
92
6
159
128
130
185
151
31
177
193
90
49
120
164
124
58
19
126
125
145
150
87
95
147
105
127
154
68
32
10
98
188
1
200
175
122
170
50
160
65
29
114
192
2
73
38
136
162
80
104
27
12
96
70
99
113
117
43
91
9
60
11
196
178
36
76
66
56
81
37
45
5
107
21
166
155
111
123
101
184
138
163
25
189
139
112
169
48
141
142
119
116
53
47
22
89
42
84
13
183
200
10
165
69
56
27
199
40
119
157
118
153
132
110
60
139
77
141
85
106
194
163
53
179
73
185
59
67
122
70
66
22
62
86
61
93
178
65
24
188
182
23
12
5
117
30
55
103
131
14
176
145
173
52
146
36
105
18
172
72
127
136
156
26
51
121
74
134
158
58
186
169
76
129
17
31
78
114
90
16
160
150
38
196
100
15
54
37
152
180
9
57
33
135
143
68
99
149
94
198
102
193
177
8
112
1
175
130
164
2
63
20
45
71
167
96
6
144
44
161
48
151
29
155
89
124
81
168
19
25
82
109
125
91
184
34
123
35
128
147
191
47
111
174
126
170
154
181
197
159
137
83
95
142
138
98
41
39
46
148
87
4
171
162
88
195
192
7
116
120
115
32
189
21
80
28
107
64
75
92
50
104
11
101
187
140
79
43
166
49
133
3
108
42
190
113
97
